0
24
0 A 4 4
1 B 5 2
2 C 6 3
3 D 6 4
4 E 6 5
5 F 5 6
6 G 4 6
7 H 3 6
8 I 2 5
9 J 2 4
10 K 2 3
11 L 3 2
12 M 4 2
13 N 6 1
14 O 7 1
15 P 7 4
16 Q 4 7
17 R 3 7
18 S 1 6
19 T 1 4
20 U 1 3
21 V 2 2
22 W 1 1
23 X 4 1
40
0 0 1
1 0 2
2 0 3
3 0 4
4 0 5
5 0 6
6 0 7
7 0 8
8 0 9
9 0 10
10 0 11
11 0 12
12 1 2
13 2 3
14 3 4
15 4 5
16 1 13
17 2 14
18 3 15
19 6 16
20 7 17
21 8 18
22 9 19
23 10 20
24 11 21
25 12 23
26 13 14
27 13 23
28 23 21
29 21 22
30 4 15
31 16 17
32 5 6
33 6 7
34 7 8
35 8 9
36 9 10
37 10 11
38 11 12
39 12 1
